9223172349949927898
9222046450043005310
9213148062062404547
9211416988670399259
9207639991466023775
9204435435715222317
9199809926882857384
9191846839463256837
9185912409920510920
9182276690256035009
9172683086015171784
9152870193514615298
9150751497718273868
9143857847815552302
9141892181566033261
9141439363600175474
9135981694911995080
9134965439135846496
9133276589275676431
9131306264438678421
9122885470170097719
9120561310818569213
9095331475758446361
9087114693095109914
9077005048965366405
9076523887083520899
9076442099011838602
9073817948590584624
9069205537689269023
9060937520261018935
9053442938993275153
9053192030110914945
9043981601059310470
9041902464948289739
9041539206754541420
9041166851292186413
9031969052691637493
9030470802177249679
9014494149103746618
9010095792579925670
9007762204694444394
9006436617882792879
9006073354834204668
9004947454928357311
9004293629343064423
9003621868115561551
9001264825198274157
8997324175524401256
8973596035724786762
8972941095654054270
8971600308512909681
8971451932699806182
8971252245793820882
8970046849625749641
8963570633351845873
8961682096585606794
8958222522955483406
8940852948309025255
8940208215138656998
8931001324124070135
8930896081020653303
8930638065930532516
8926282837262549260
8924422156556300951
8915520200405109092
8906149738012998784
8903416776406427937
8901927613451245727
8895816952035463610
8894585809025075620
8884734184840186513
8883950407265769531
8875468965640547757
8875335866477861081
8871246840989821575
8863165854736971621
8861934711726527324
8860550706036912145
8854440130458887420
8842817873196818025
8822351983113836122
8818692808416664384
8815796275432575068
8811857912714419221
8809685609161889523
8807352026131291099
8807352021276475455
8802194596064891319
8796937447138246307
8796737760233277523
8792797110559280933
8791952685629218419
8791780021926605995
8790463522674833151
8780893373466621155
8774782712049764911
8773938287119746446
8772988619086009834
8771314136685234832
8770760274304078852
8754153250678183882
8746353739402132687
8745990476353609114
8740551576165234701
8734768669609037445
8728758085647930419
8726005757861907664
8714183803985344938
8713620854031854587
8712190024116484073
8705739554684023325
8700931025048067701
8699910368244868635
8698960700211047568
8691665805848420283
8690858573242203501
8689777269083190232
8688760180450425235
8687138751189195527
8682004781009387180
8681509251655073817
8667458962706032030
8664083549941309368
8662755671318965374
8658991253518102550
8635171123601343176
8628896886042902996
8628415724160385875
8625599866574307289
8623942690627161570
8621860016478943995
8618200836926982254
8615644107104828610
8612480461761815986
8609756592480348244
8595682838790141693
8593431043831137028
8588273613764737297
8583300286327593667
8583016464839064052
8581194027958379736
8580392314416919172
8578062269423334272
8569200735947498410
8562550579610078645
8561882386552921321
8561424679703213508
8547823005176995216
8544285272218055189
8527647682497788014
8525395882684295812
8516025420381958901
8512275370052875210
8492076592328682147
8491900360455532571
8490692672476968135
8481122523269771667
8463471387807688008
8461328399268238307
8439827489763975930
8439440771683944427
8436907496893463123
8431840947312656146
8424522597918150825
8424346366044960293
8422937557835895462
8413024506941287622
8385679051132165353
8377902994887660432
8355561228624112394
8355230849142303100
8352851721960504989
8350036972193471983
8348911072286695680
8348348122333091773
8332585523637436938
8329688985798589230
8325094510540288351
8323778011288562648
8321607999545720804
8319555886636977851
8315310306954566804
8314526529380062090
8304438025966257358
8302559691246612856
8301689863941585655
8300324712589750315
8293850788125393598
8289719539106536563
8286907135851390861
8284171827643147966
8284066584539614063
8283890352666274425
8274386791200602144
8266720379087145397
8263451490640699931
8260102249424689735
8258947891013228794
8248905667482579982
8244765330903609659
8241387631183235784
8240742893157959008
8234913706718784112
8234808463615185695
8219714057976476216
8218869633046166004
8218398673210145420
8213158345441280013
8212504519856054504
8210908892139470642
8210706858721630774
8206402945999306393
8203001791246947480
8193150167062153659
8189795922373352688
8186699697630479454
8180791069631399960
8180225773166149638
8175159223584427822
8174854293575836522
8171195118878541500
8168685303974766113
8165387954145567494
8164218891816586928
8162011687750750759
8159959579696752891
8159396624889527777
8158270724892776721
8157789563100035318
8154411863379453579
8153567438449256983
8153462195345767809
8145322880907770403
8138758075957874510
8133691526377110449
8133477471999414461
8129642065429090847
8121306627401769141
8121116028055946445
8119122248187062208
8117151923350289796
8115071466525557590
8108531442175653651
8107042279221347200
8106279642362022389
8105291012233834966
8104872267478400939
8101603379032032324
8093331793433225221
8086494605921468780
8084887544132131302
8082481596709677796
8078050356619217021
8072702332061639131
8071013487056156254
8069796706663754135
8062306685959773494
8054124988453544890
8053362346740399729
8050656408247356674
8032160847843040011
8029154065417647670
8027293985180474895
8026903698929457748
8026407336718566979
8025977485927718865
8025042185366698978
8020043056384909771
8014439303693099324
8002415375955818018
7996422613373080970
7994991783457790905
7978207094632985472
7967140128222902095
7954631217657368305
7953056275959601939
7935251667795972759
7927452156506679860
7924083544359426843
7922603809938030159
7920506157733082978
7914771415095292034
7911889244729106386
7910854220454032751
7906350620825759737
7904492650154730543
7904247196826142910
7896862259689191440
7896580784712451158
7894223741795329328
7888980960341522720
7887292110481033122
7883136085716003157
7882573135762529282
7875927868309241224
7870122136901807312
7865818229034091079
7865513294170905578
7863866827378792293
7863003474412320631
7862440524458855331
7855766913089402506
7852307425298176265
7851372124736283783
7850809174782898264
7848838849945812068
7838100577299128338
7826602326785706780
7824241715697991058
7821908127812549404
7817313652554247013
7811202991125184063
7810930603720838338
7809108166841053513
7807810923945197282
7805382892258214705
7803612259181078048
7802568142491106289
7800034867700769621
7794778833260542491
7792997993283125246
7792897014211229808
7789901768539201860
7789057343609220970
7787649968725663367
7782973705395587245
7782538823396912240
7753872971520391132
7752923303486500638
7749287588675885349
7747856753905768576
7745042004138743900
7744302822312166819
7732680560195273844
7732399085218564301
7730147285405736320
7729493459820485420
7728739910522226006
7711569936942897760
7703207475712484803
7701980596733688339
7700287482841757127
7697644076063679750
7696799651133566769
7693813558377293829
7688852251900108768
7686146313407071243
7686098943431067476
7672557269345140119
7671600490249013166
7664000665878788281
7658801017134461948
7655167244812056300
7651592311870673178
7651416079997592164
7650571655067397431
7648791929563122219
7640720030882690412
7633038418440615205
7627490706977159736
7626395373164607606
7621298257489655843
7604972708840221470
7604690126044771723
7604327970815123734
7600469109213048617
7600254221978664816
7593631921701109083
7591919616808083213
7589491585121271837
7585378271744587349
7582766751774441490
7578713747935468066
7568838668717798127
7568299173797120533
7566610323936868724
7566129162054157982
7563490644160365117
7557230774073575348
7556195749797619733
7553744263078854911
7548877314565201298
7545218225705898706
7533114801708321252
7530839546861910275
7529646226355945871
7524084147420753728
7509098553056104692
7499337804502062872
7499138117597094138
7496040459527640426
7493980692372292885
7492101243179372914
7488442068482064340
7478657032039618647
7478589336478391306
7478308969320437355
7477249657156050649
7470040951892320243
7461138995741213871
7459344902777381308
7456635396113852171
7454449696185675340
7450833232876995690
7438797229477440722
7438058047650951248
7434961822907221699
7427470809809967298
7423248685159343399
7423060377623984206
7417709975418044749
7416664841602057411
7409284739991067943
7408984341832709248
7406078711579995004
7404281050445739220
7395836801144365645
7395192063119154884
7379968959344904718
7357192941264118510
7354305831959212207
7353174513889232659
7350519329894002755
7346926255082157229
7345629012186314042
7328110143031161869
7327265718101008386
7320882669267480813
7318821468799681529
7314772007851564383
7309814269545021330
7309251319591576580
7308861033340669176
7305873619870971940
7302586795692385292
7285416822202929456
7284853872249495148
7282030034909144291
7274195015457433241
7271424861438146987
7259884387393157852
7259602912416357907
7238694267878551915
7237568422673987467
7237366389256132437
7236912250576891934
7234469856272097702
7232299839675391847
7229956251796647227
7215048078025239483
7214914978861749557
7203507608833951722
7203374504816586441
7176286319309936521
7161004882495885175
7157040777790108280
7155093907984892849
7149745883427515569
7140175734220262749
7130753472968443278
7129842948152636662
7123931973641890988
7123568710593373846
7123278148044334906
7122161340564536539
7106762000062334551
7103665775318709251
7099080387620438395
7094658576063751930
7092468217548285277
7086672033612548603
7086414013667510005
7081103181433998193
7073724184683699159
7073161234730330985
7072488152789337371
7061902235661956187
7059755678951631027
7059650435848185979
7050575815994379268
7048977841765029149
7047326184228709708
7045963405093039932
7045681930116224594
7036178368650474211
7032452606210764688
7032370818139123406
7027304268559260194
7022214263945781881
7012467882864477228
7006060058285619224
6991423847353503143
6991184595908547336
6980661210496026950
6980488546793437673
6975876135892006840
6975794261982259866
6971481347538683321
6965180086777047903
6960852719022709602
6959187324194267756
6958037969255634124
6950180124939586862
6948963349401903484
6942165726429127107
6942069422235236146
6942069422227001742
6942069421989889697
6942069421696626760
6942069421696387716
6942069421322968291
6942069421016371727
6942069421007699937
6942069420837762580
6942069420296265697
6942069420173366672
6942069420039547881
6941149470653164553
6938158489012746293
6935824901127344175
6931579321444814002
6923240315247253462
6917610815712774005
6909647728293255731
6902196279736177700
6901194391419617139
6900159367156984940
6884598747176522671
6872211556390780203
6870323019625549280
6865928231272254051
6863767307089448792
6860890140196020060
6846679121581778181
6844908488504551825
6843538301090167062
6840205197117351090
6838234872280362351
6825287023351874677
6823425509788984753
6816279824097052910
6811389506389506523
6809479828908151848
6799309537423644932
6784863437979601121
6784581963002858480
6781858088867589282
6781834633834918731
6777999227264443220
6774516284440276742
6769340090728733539
6766072035139058595
6759140403824772211
6756783360907523095
6748834640960642793
6744421916965080699
6743444392871393074
6738029780571413604
6734789350629639526
6733725867849055270
6730068984962356925
6728917338213149151
6727791438306381969
6722896719571509639
6711808011989651318
6711008182807397385
6702563933506017345
6697589374042411440
6695072920408828288
6694037896132837886
6691898450485223788
6690460509507550051
6689229366496996108
6688838247389519359
6681171835276021517
6666878052761759088
6666174219951333174
6658090887185571536
6645209138142519956
6641268976325392162
6625639476792144393
6620200576603901088
6618039566583123435
6618016197389236130
6617195227491833919
6616913752514143906
6616327347529037894
6597468524089349668
6593553675960000470
6587339688959498311
6583394775253858351
6580794079864298975
6566892994731528815
6554707782661056326
6552066811083039134
6550352070991037158
6541480750566241175
6539430356218735223
6532943333823592673
6532553047572660990
6531884854515733655
6529656514588601853
6529093559780452308
6524499084522196470
6508264411503828796
6483857876601681792
6467359664249939406
6463791365184555724
6462465778371692609
6461448689739096074
6460671685407964770
6456754490765741900
6451878540530931641
6449517929443031134
6441918105071882699
6437335009183295548
6437199618210201257
6428325518118024781
6428020588109597490
6427390217557043197
6426436981352818409
6422777806655686646
6422214856702059963
6416585357167845823
6412553831849951671
6402711295238353561
6398184240578203922
6397926220633214808
6394457645281932425
6391600671983022864
6390607876093547580
6382445101768985736
6378762467185094424
6377526923147548231
6367608711220327358
6355505287221745118
6343683338199776845
6340132974776732885
6339851499800039472
6337690575617191091
6337209413735448470
6335868138737540785
6316770551709754893
6315644651802960432
6313846990668474060
6306446853202361384
6288341579062034337
6287778629108506150
6280269680368194402
6276692293742801532
6274677373157942622
6274640180834973021
6272388381021314555
6268142801337798710
6263529557579726222
6262818231813097969
6260714319955795586
6256344312202592410
6251277757767097829
6250299745817435517
6244322671420993412
6221443702046233589
6221052238471260569
6219380209767867355
6203989961679639397
6195438015590620267
6189998000915803608
6185243492406036933
6166744389122939215
6162761515917324717
6152761515918277155
6148257916291859019
6141221041873179933
6137925130224348513
6137643655247805724
6132685916941024671
6132495317595109514
6127968262935956363
6126446097477315273
6126302868107509499
6120821744387416944
6118784831808171963
6117658931901332273
6115583363960614758
6114480919086640791
6111558472530889938
6107139114659388171
6106599619738734035
6098236050689328843
6097592420483950463
6096747995553813760
6090555546065316066
6090073276364715368
6086333426269312398
6084663499590721499
6082756034788987905
6077408010231516172
6066257822437336813
6065822940438689528
6064917868152886039
6062970998348598287
6052532969177474001
6041942163165921206
6039408888375636715
6032829720807841830
6032548245831102867
6032008750910374990
6023001551654637521
6020749756695736874
6010807252025266087
6006476316100631021
6003225943748068449
6000483553518820905
6000002391636264499
5993620457289122201
5991624730077233079
5987535704589108394
5974024905706988392
5974001450675295959
5963973594617120797
5962742451606881188
5947928087619023074
5947003222104890688
5946522146061280900
5941564407754344495
5937151683757891932
5935934908220237577
5933248226407905891
5932233509991251578
5929981710177563089
5925613501523320237
5925048173921497876
5917033373392039451
5916017605472954101
5912100410831658105
5911900723925799452
5907010406218063105
5903374691407406421
5901967316523844061
5898284681940081862
5882345851371101066
5880324291769342639
5871826034129303568
5869960952395982426
5866782939580316768
5864894402814994483
5864612927838197758
5863686714836513447
5862279344807685227
5861153440046116529
5851292728288893431
5850366515300215255
5850175915954323795
5848467875094019341
5846516741257134215
5845390846205038638
5845085911341794604
5839198396717404222
5838893461854117518
5834775146981342695
5830754147416035590
5822500492605875977
5819776618469572941
5817808640145402397
5809362044331348877
5792382670097794477
5784782845726656933
5782316991535391377
5776185189403388978
5763281936222634191
5760185711478710847
5756243953985903614
5749771137340282066
5749555762249186354
5747719024432636985
5747437549455939559
5736260338458137537
5735243249825578995
5734571488597933278
5732237900712605962
5731149193129636588
5720415956545492210
5708394315764059935
5708030966877564930
5705016616043315321
5691787292138021963
5689081353645019325
5679683868139439878
5674807917891318431
5673409630580036016
5670031845021545342
5665437455601340553
5659593901689510954
5646751295864228167
5645543607886692025
5639781009188831139
5632314283980266391
5629971608535818388
5629018372331611210
5622653259141302037
5621808834211128329
5616246755276051586
5610077760821150684
5601047106533572722
5600416735981167526
5595722537007870800
5592523629395072240
5592206591680504838
5589328967289652567
5584825693169114208
5584611913753643080
5582856476151041686
5567575039336854899
5567003001811134190
5566144209421551774
5547308841013679829
5546612304040813338
5541869940825297421
5537175746706871032
5536870811843575657
5530141213947262087
5527605592644911637
5514376268738586192
5514071338730070320
5499716114917882080
5499153164964423862
5495317758394003481
5493174769854442234
5484258446230530273
5481725171441009627
5479449916594665878
5479273684721395182
5471850092223540519
5471850092223339630
5471392385373681319
5471005667293228291
5469621747441610190
5456301547905239021
5455806018550935734
5447080294272940372
5441273455046672286
5440148662958769437
5427681975912589887
5424949014216357093
5423436396229120484
5413645419400024147
5406761952004205584
5399443602609678000
5398599177679564388
5394505120983744750
5394268241754866402
5393097746100122668
5392297916917993297
5383920255358901513
5367446335750326897
5362570380660520660
5360411802990659434
5356468806803913327
5351120782246304725
5341349512807641037
5330845496350862362
5323794254473702358
5321084747810197949
5317343785042040464
5305803310995978798
5293781675069093769
5284211525860852164
5282440887928921056
5280392785391992088
5279253787554299384
5267804189140942923
5266654834201368307
5257471403073552433
5257108140025056745
5255982240119131425
5250153053679084983
5243855361087775359
5243855361087741039
5242834704284353648
5240221987935127204
5229323905402431814
5221508705940036077
5216766342724468840
5215168368495152285
5209796888905781376
5191996544774018940
5183901191048541539
5178376934617836666
5174354496873045473
5156903048315983389
5155532865756408715
5154360685953310219
5153525348595519781
5141140454474940574
5140861266454004484
5138126012948133119
5135983024408506626
5129681763646737839
5127148488856263036
5123970476041824629
5122844576134942256
5116089181547702801
5110178202182072436
5098356253161164360
5091858873664039856
5085880478554060322
5082393967559442386
5078371534668477074
5075747379392439038
5069727593607573722
5055509639573869703
5053038781910705975
5052947906278932260
5052733851901321703
5044631724932353675
5042987470820037608
5042896595175877499
5037185307583094000
5017654722915867189
5013632285170236936
5007630435028453973
5006677198824272916
5004706873987227073
5001329174266745325
5000942456186492310
4998690656372802553
4995918289673893555
4994750006698924363
4980981187871883930
4978142983072869568
4976840851292995415
4968505413265650671
4968291358888069311
4966065360619032306
4960470706895926218
4959589089641788072
4958653789080846517
4953024289546693830
4944470121152360330
4927410066666017911
4925110896876244714
4910307513685706010
4901061222522408865
4898872282743991317
4897664594766451004
4895389339919916844
4886596195042870677
4877374941410583475
4876701859469500251
4876463095881298356
4873929821090988661
4868191510282472458
4867455896626620037
4865013497467971492
4860028735957915527
4859856072255383884
4858058411121090635
4848769736889715068
4828140275517944018
4813412701098182613
4810125877008519627
4807220251610461781
4803347022535584085
4802244577661488506
4801963102683859833
4796028673141158503
4795852441268018336
4792650973420704532
4789659991780404477
4786066916968644344
4779245417642161030
4778228329009287967
4776149192898160024
4768829410178111460
4767141993643411507
4757105898517863768
4751579081853606643
4742372195692862520
4736660908087048799
4727562833201431340
4710483649415022753
4707859584831618551
4706624873650615207
4701385660367250752
4700150949186397260
4693395549745417834
4685127532317110241
4675489962509892749
4675098242933461746
4662916810701722947
4654833477936001189
4644899979841430691
4632876996426892110
4620775005753815403
4618722897699989701
4617315517961625302
4616752568008305324
4615908143078100090
4614758788139584866
4610078956638793948
4608390106778706236
4607264206871733073
4604367669033941261
4603671132060155346
4588686858409084763
4587279483525373537
4577909026076931291
4570672459899442973
4568810946336609029
4563635585481697318
4558745267774074847
4552013323364732927
4551078022803869092
4549479962736513922
4546078893822052651
4545539398901393186
4535687774716560295
4534282691642554704
4524405320615334564
4524138213098149099
4523865825694649968
4517110426253617914
4515984526345861540
4514835171407243851
4513427796523666808
4512468581018405041
4512020421640066832
4509095539885335378
4508746531697528359
4507688165001818771
4506109447129120855
4504139122292286235
4503881102348264664
4503320498906632649
4501066352580175891
4499658977697563442
4497488965954763362
4495976347967542979
4481444892282177496
4478243424434856710
4473390929231641139
4469822630165347471
4440134658448075667
4439223645775641130
4433378771150158415
4431169682725028015
4420564514095689564
4418289254395424375
4415579747731887394
4410970905000989457
4410513198151033842
4406467305373626708
4404602223640162834
4402245180722956526
4398476361894940709
4392498799641626669
4383839175249095760
4381978982399718330
4376912432818969349
4370855792529154207
4356388219405665312
4355543789621707060
4355520334589014450
4352166094754996485
4346536590366077896
4344003315575615329
4333002336452116819
4329906111708311969
4327091361941194534
4322130055464018691
4316609367203810517
4313862038035800533
4313322543114124779
4309091330891230359
4303189443952570544
4302426807094132610
4300593752035901495
4297278469442640064
4297278469441730104
4295952882629965268
4288247815155072902
4278030474237613878
4276158758616062771
4272154836977529471
4264176776355800149
4249055372793240074
4245463618695039943
4243941453236454960
4243774768834868916
4242191162078243416
4241628212124577001
4238708219254016257
4236561662543758972
4227381799586578751
4226065300334821543
4223815792330667296
4223250550566683326
4212554501451711417
4211405146513181350
4201095815478505842
4199186931939459754
4196228957657284248
4191138948190026768
4186916823539215141
4180747829084370954
4180375478475909536
4179058893385274736
4176888967481158106
4173148004713169386
4167103931038755146
4163577855505078420
4162815218645779375
4157948355969945429
4155417372989985888
4145363770089696588
4139091824340785143
4138393483414232995
4135902432155636487
4133960565823192450
4117606558669410730
4077102620527638682
4072945259516080734
4065343002794170673
4064580451773688457
4058669477262711828
4056699152425766152
4053802528748989774
4051914077821673959
4048536378101284865
4046765740169245538
4045440153357397584
4038579510812787094
4038403278939506990
4028188396561004677
4022840372003500261
4022253962163504783
4016929392637821730
4014477905919297000
4014396117848421358
4013070531035596112
4003455786079720282
3997202689236370588
3994129919524329081
3985125066782461091
3979493220736288121
3977040300691077535
3968878959692031124
3963249460157849518
3941857361927851807
3939104053458800849
3932947166709044903
3929672064019641032
3928346563045598173
3928264779828744294
3925708045151804023
3918134022325249415
3918131589974503945
3908643314675936304
3906672989839062794
3905465301861400742
3902516965073916984
3889679248132790924
3883700853022819304
3878983199017857375
3868873554888959750
3863527822141056570
3854799810907261223
3854236856100050457
3849451781495007930
3849079430887359604
3842778170125594054
3841718857961270665
3839580966310062091
3836976006888867874
3833407621984566911
3811992154560658224
3802807290107142741
3799712498688948384
3798586598782264444
3798586598782018823
3796511030841648187
3788172024643919618
3780471221200837220
3771201737969489377
3769984962431692514
3769686666298184331
3761994851809707304
3760306001949586939
3755157664296977560
3747921102974203806
3734409196273241304
3732830265505976224
3732076716207602630
3728957036430971261
3722025405116733965
3715268897856933250
3713780842720490729
3712845542159447263
3712455255908563142
3698662982049801765
3692189057585551066
3691239389551870748
3690847782587459368
3688529882888326266
3683639565180571701
3679440895562684243
3674803708914933718
3674350890949183980
3672485809215764110
3671278121237136678
3669589271377823948
3657485847379292241
3643107168534223173
3638345548962993829
3632343698820243982
3625679175010026644
3623294276033761933
3623227688291458215
3622946213314571872
3617598188757306658
3614329300310777994
3612879701895459872
3611605426174556234
3606257401617914853
3606124302454453911
3601271532289107986
3599086940179771114
3592723147703156166
3579775298774331186
3574734550738283664
3573887779295322274
3552295994160254878
3550325669323189406
3549399456321377586
3543570269882217080
3533437170720625177
3531840310977683534
3531666532789639991
3530168282274295442
3529605332320893468
3528933571093171457
3526576528176150782
3526576528176122372
3524496559208359296
3521251872812497219
3518585584697356990
3515622459116157979
3515059509163695214
3514968633531864105
3507178214669612632
3506617551671946312
3491215924214215225
3491110681110500163
3486430849609907576
3485223161631473379
3481082825052488880
3476108265588964906
3473119737632876615
3460429908649129519
3459585483718867072
3459409251845916410
3459022533765491852
3456813117020061946
3456703313352759983
3449475839589177831
3448150252777481118
3444693111497964688
3442066614563874969
3440468640334446304
3427711390751513943
3423275211723198204
3422817504873284342
3418797358938210495
3410714080874792478
3398223938796137802
3387269869737076952
3385944282924315286
3385099857994161876
3383329220062180024
3377218558646309325
3372433484042340045
3364379520991571445
3363883991637302425
3362127721177969425
3361655646855492442
3356565642242853923
3349461347226034283
3334329119082772366
3329286024533779165
3327034224720991113
3323737205252412579
3317745550489534587
3315294063769777138
3284613291308615300
3283945098251500320
3282256248391260495
3280954116611297966
3269695117542906529
3264265304913537038
3263502668055303420
3261769222447094344
3257028743590898900
3256464360311811209
3253651043870290386
3252915430214158683
3252335659104020621
3246613061633668849
3241266144894982321
3233279602443518148
3232740107521986718
3212586263364793599
3210503589216592405
3203267023039152107
3200589543050660515
3196406380494477626
3195667198667824750
3190518861015313725
3186097049459683014
3164599708126135701
3161222008405615002
3160401043362099547
3159356926672208102
3155311033894804837
3146890239625147356
3146236414040898207
3141342528162838312
3134505340649930638
3132616803884595002
3125016979513543665
3124454029560119756
3118179796855450365
3117483742884678457
3114694395492521146
3111424392560608487
3111142831745092342
3107741762830693033
3100247181563098506
3097069168748344445
3095098848765189490
3089164414367823091
3088988182494506690
3080180670144812879
3079245369583847525
3079054770237988916
3068077246146294175
3052854142372114649
3052596122428102915
3047329885941426892
3032411712175816359
3024530412827887587
3022454844887342869
3021891894933825461
3017493538410033981
3004264214504745943
3002856839621231392
3002493581427402404
2997685046936754396
2997685046936736529
2996491726430815321
2993849640366234302
2988959322658759114
2978042445922752960
2974268301201503765
2974146391996745554
2971249854157818291
2971249854157757589
2971249854157710216
2956131993487058248
2949271350942589135
2946389180576360232
2944791206347014388
2943383831464362029
2938293826850863165
2936604976990655450
2922917946235179963
2919458463297775256
2915775828714043759
2912421583936279095
2903496172842306841
2895896348470978852
2892436860679755022
2888496211004830348
2882667024565525793
2882022286540553658
2877134529067394144
2876392787006226363
2872733612309097392
2867643607696351923
2855563638729654590
2851341514079950588
2838021314542778846
2829749728944188373
2826719604085769305
2816238930061934124
2815675980108573963
2807152289248381384
2796711913565323101
2796534248366604287
2794765043761154516
2793285309339740636
2790906182158123124
2786015864450311329
2783696644037603942
2776898533207994462
2767743450850738116
2759943934719809353
2754099060094437530
2746218248603340372
2743255123023119756
2742668718036925997
2738899899208846790
2738660647763863474
2738379172787230396
2738188573441330843
2737534747857117727
2733270399674700956
2730307274094370124
2728700212304847722
2718203854949653822
2718070750932261152
2716627354400634621
2708917467673982324
2707498713407596323
2702980746320641549
2702631850744941689
2701869213873379215
2699001134552255268
2689493402471312672
2684227165984542071
2683491552328610673
2682660225329344477
2672122308660413050
2672018498882570133
2671560792032584065
2669871942172382901
2660501484723948158
2660501484723929899
2645278376095023748
2643894456243236401
2637849894712908804
2634404987288009204
2628603931869936685
2620722632522103869
2620250558199641422
2617517596504099801
2616457796482898726
2613698856035165356
2611996908244079431
2603643534574615410
2600910572878233798
2597451085086000139
2597169610109369975
2581268765806619101
2578782860992193471
2577184891617619962
2574933091803927215
2570687507266640894
2558044593201284454
2557200163417313628
2556637213462979126
2551089502000626412
2546865944024179979
2546785589279052830
2542284336163556032
2535326903304824680
2532430279627958558
2532125435457446037
2526428515324060887
2520608416444052821
2517770211645076671
2510756792259191225
2505127292724905185
2503719917842281622
2502031067981041013
2498843967606419358
2494058893002286452
2493950081728165159
2493387131774659558
2493023782888435061
2489646169005777290
2487394283354245856
2471350295520545854
2467104715837090775
2465978815930318835
2465911395331252289
2445321498499698994
2440817898872319886
2440669523058187313
2440106573105726129
2438326847613618474
2437549843282594347
2431462636898506973
2428995949850473213
2428284628937652105
2425188399340077570
2421247749665151711
2418606778087066407
2417670363039585162
2408663163784863236
2408581375713220212
2407736950783037948
2406587595844322677
2405461695937505467
2404640730893948297
2404335796030630285
2404159564157636058
2397404164716530301
2394789016016454118
2387392974759803367
2381278302973138396
2373263904461781211
2366336674174728613
2365878967324732708
2345507525898214364
2344123610901183470
2339701794490834969
2334181106230654739
2333404101899628675
2331457232095363192
2325736856929411577
2322989527761407451
2321233257302034805
2320200524836510213
2316339371423787125
2315603757767784514
2314369046586708297
2300471529624432948
2297307884281564348
2290338430462838454
2287828615559075394
2286984099936266299
2276478736005039819
2269333050313142136
2266976007395883104
2265955350592534674
2265673875616037919
2257619912565344294
2252902258560285362
2250650458746659624
2248503902036617623
2248422113964833634
2242029977572075246
2240059652735171343
2233785415175864392
2231815095193642305
2230126240479513485
2223734104086111822
2218022816480020724
2213495761820871897
2204512017598881155
2201134317877374119
2195305131438201743
2186488531516173535
2182357282509581534
2172614469598788138
2164261100783098758
2163981967464516514
2163283083978754286
2161918420483783837
2140935865185252058
2133728699280944593
2124010088420730875
2122120529674611792
2120069524584790940
2118180987819511940
2116729017188130286
2114925197303885632
2112469700214534343
2111252924675776461
2108531397052537121
2105341950164971714
2104283470857140017
2097551526448853307
2081655340732661502
2077648591173130948
2075396791359622907
2073602698395613566
2073144991545655681
2071632373558767762
2071564952959608332
2068278043032052534
2064900434004218302
2063683653611790101
2054743874956168881
2051298754636519406
2045278968851587795
2041819485913927598
2039649469317126753
2035536155940744200
2033738494806167464
2026205258177468617
2024234445483672695
2024063102494715909
2023605395644606257
2023323920667919209
2019864432875798488
2009731333714130700
2009449858738430814
2007200405436608570
2003902147275026495
2003902147275015466
2001649239642448974
2001005609436152082
2001005609436141963
1993486139811080944
1992561360134790476
1983072998998236854
1979894991037583289
1973397606686668164
1969562200116149448
1968331057105880429
1967310400302690898
1961117950815103619
1960731232734738021
1958483696952744849
1954079968578355406
1952066155812410606
1947220433852546415
1946618521804668346
1941977652398582992
1939620609481370838
1931518482512544796
1929029803470047933
1923881465817374539
1918895270982731512
1918425744472237860
1916472240792018667
1914740679543202082
1911578354913890997
1909608030076972254
1907919180216596574
1899474930915190613
1894235717631959080
1890643963533789000
1885882343961457911
1883430857242745322
1879666439441949301
1878645782638690903
1871799507553664395
1859681716095539229
1857734846290414343
1857725758718128100
1855283359571722261
1849290596989071103
1844653410342314214
1841690772617922556
1839720447781841936
1833528003148011888
1831815693401196183
1831276203334391103
1826681723221376407
1825837298291276442
1821424574294681379
1820861624341372250
1817002762739186347
1814706367177585671
1812217688135061249
1811291475133194053
1808277038460976251
1788855265067893998
1786779697127506105
1786498222150890946
1784070190463894467
1774781516232579171
1768788753650766842
1764648417070890288
1761552192327085291
1760144817443612568
1755641217816108514
1755268867195434778
1753456005744882673
1750077818167488342
1748322868421643526
1746179879882110070
1745426330583777054
1743568359911888272
1732669080999964026
1730938007607959444
1724315707329569828
1721648845519740589
1720284182024759889
1711515746358156763
1701211304207596553
1700312556609096961
1700085404300681028
1696531472706825595
1695472160542446102
1685896864890006102
1681226580861080989
1678998236079160289
1676828224337255710
1670812006722793203
1662391212454193993
1662109742331230500
1644132531290972672
1642406493961521797
1640921336523146610
1640717639246446543
1636214044473876672
1635651089665698102
1622569653717567450
1611702261613503436
1611243446944756685
1608066541948966214
1607761611939496655
1606377692087764351
1597279617202254268
1596044906021194968
1595681647827535576
1593429843159041697
1590978356440415731
1587427993017309607
1581689682208848717
1580200519253627744
1573526907884377275
1567161794694193598
1567161794694131522
1563178433631619714
1562897446511771351
1559453159048780801
1548933341807093671
1548675321862149028
1537955817715243865
1536719785820806515
1532540372558777357
1530381794888778136
1529807410850213558
1528318247908119390
1526347923071074060
1523061103836188844
1521630269066141602
1510934219951058913
1505867670370341287
1503813103777377143
1501817376565538979
1500409513825116710
1498854250984312883
1498291301030962493
1487876641054644058
1485345743912733388
1484126676564507972
1482395115315677039
1481311926797426314
1478669840732996842
1469580853406371473
1468454953499538006
1450440554991031802
1447534929592163157
1447344330247227538
1445374010264080894
1437293019156306003
1429973236436343102
1429306476705051881
1420685995530597724
1419478312406649169
1417026820833199724
1413367646135884629
1407937838361524344
1399202109355426987
1399202109277107018
1399202109244940488
1397323572463562231
1392365834156821194
1385891909692517255
1383531298604650566
1383426055501242511
1382215913838434047
1374805574326555175
1371064611558589270
1367381981828662460
1359242662535777482
1358656257550567334
1356685932713596879
1352487267949539861
1330332528006336859
1326286635228832383
1326286635228816746
1322560039932538729
1321325328751742928
1320547491563900967
1318337915281945601
1313444029403752936
1305762416961790016
1296192267752638255
1284733581779164940
1283356772989962798
1280338793425977883
1280057318449243428
1279059486497257450
1277978182338213226
1276747039327790476
1276489019383889036
1270659832943854482
1266918870174723953
1260085693033667170
1254524883627175736
1251719221432426426
1245808246922418812
1245435896313932092
1244963736153406171
1243985810041747494
1222030761858338238
1221296468915732720
1218024012298778068
1213978119521399865
1205252395243244680
1202542888579688310
1196808145942087810
1194298326184340104
1190829750832062533
1188387351672426072
1187261451765644880
1179583849694402810
1177128352604952950
1176647190722382898
1173187702931016250
1165388191654026554
1164719998597038204
1156379559073599630
1154023949482070433
1149344117981552527
1139840556515647715
1132174144402108787
1130551882284199296
1116587777579368068
1085930460149815034
1079928610008063168
1076723573990117157
1072114731259130491
1067892606608472983
1067782962477699783
1066203756748322591
1065419979173854487
1063212775108017231
1062849512059444372
1055331475759920589
1051671193243982741
1049983451202591967
1048857551295685754
1048470833215550916
1045264964340796619
1044854041586420007
1041661111106171453
1041433958797752611
1039205614016780396
1033724002438846635
1033376427576606898
1032168739598035987
1024932178275248026
1018071535730727440
1017532040809096114
1016408487415126224
1011421379393232870
1011330503749146856
1004584106042492892
994146162710296921
986546338339119275
982244985851248790
980635363828158807
979790938898159595
960650640481703909
956924045185422524
956770638163518245
956379611325994969
954844909074261551
952030159307396098
950407409332560757
936267560611470589
934860185727915521
934496922679418079
934297235774464776
933629042717441302
931377242903752641
929296786079210168
922956453489074243
920223486938888240
917584969044991805
917045474124384661
915657027276218919
915438412334838436
895520276730784696
893483364151333662
891231564337623684
890105664430902836
887185671560345223
883740551240648854
883134889898672915
880209444498173179
874624540711847191
869734223004213479
867869141270676434
866809829106318286
864691128455254558
864600252824360674
862978823563168100
859516882086704245
857912273982350472
857372779060714940
856528358985370818
846934749890563464
839440168622960029
835045380269740357
821425770113457336
814283652592209977
812327695214746138
811210887734913558
809602387766097193
804255796534300406
794231508646685038
794122697372448152
784470760092738543
775263873932918086
771780931108820943
764395161115333408
762797101048078258
762506624336944536
757730642159939943
753308825749675048
751796207762486242
750133159446838940
750107357902097068
743457201564592088
728715259672244855
728457239728177075
728175764750506431
727307884788564868
725923964937815281
722628053287965347
720937770102226707
718533256005492402
710591217031898380
708381640749935292
705376205799003446
704531866707829434
700028267080449247
698315962187349758
694480555617070076
693554342616047827
690458117872223029
689332222819240318
685954518243982619
680864513631385555
678354698727539803
676527598405615732
675823765595280503
666051582969302179
644014746714076479
641281785018639325
639874410135092267
636696402174308157
635198146805166026
631324917730365231
630585735903596242
626539843126175859
616859561930416423
614154944150843601
613978712277661542
608133837652381400
606297099834763754
602223350998269045
602156763255771928
602051520152449993
600749388372304718
598324924856117229
595228700112278823
594275463907973122
588364489397170750
584142364746436233
579638765118939679
579423877884729265
571194515817723206
571089272714230723
563313216469703969
555045199041689224
550083892564558033
548503853978221526
544172918053595208
538743105425219545
536291618705486904
534387393754158996
529817694241234113
528328531285994066
519121645126282628
519016402022664620
516506582265079951
516306895359292798
515180995452231857
512714308404299343
511521820754956570
511158562561366410
500324262984732361
497729546896193072
496603646989397637
490305954398262678
485546681338773062
485544334826008373
458780757006712138
454277157379263519
453256500575863517
450160275832066224
443189989156756943
438256538738630918
435942321798594233
434292434032767646
421368040136835590
421344585104187376
419960665253297221
416020015578457322
415886916415802840
405300511431722997
397161196993536876
395472342279501246
389080205885898906
388998417814214518
388626067206648947
386827298253421557
383368918280054175
379228581701127007
369939907469741853
359162070282922092
357835375652225206
340866196796741930
337948764160561353
333132785406050077
331835542510080618
324970011081451791
314598148331761676
310333800149360184
309317544373290666
306608037709830410
304818208777641732
303057674286577314
289356276059571179
270192522610422851
265794166086750027
264949741156406720
250875992320920846
247564880342842292
245246492786884663
241305843112952140
235956385229691941
235113393625164374
234642433789065564
229483894091147961
221802281649028346
218424581928491130
215783610349449884
211280010722074305
210062120697954002
206402946000656413
200105253409640143
199647546559587727
199366071582874345
198521646652757261
198160730117309084
197504558020146637
194499208908048877
187720354434295287
182653804853490646
179208684533936791
178176006770855533
177892190135948351
177129548422802436
175640385467569254
174596273632367354
170013232446099182
164009035791526529
159009906809732794
149744692464914984
148599596703230104
145522562959520481
145499107927765059
138634064355831828
134263568745798967
130513513563009311
129197014310239302
125821661102645861
123086352894463442
123086352894321628
112217640076715425
108448220779784465
92042231546525280
85787450770535935
82463080604018591
79739206480873796
76819213610264235
71013482202976035
70829011262140867
68307543709959333
65302194596969786
62287757924774525
59109745110237051
55555561964686567
55555561863634609
55555561847339205
55555561706255354
55555561691652780
55555561577063450
55555561550171051
55555561446610614
55555561311056587
55555561193132870
55555561094532964
55555560943604557
55555560939070958
55555560772066373
55555560656202617
55555560327082378
55555560239274038
55555560085415931
55555559974295743
55555559962536335
55555559881389170
55555559640453268
55555559285732062
55555559093792351
55555559006074378
55555558960841942
55555558832269890
55555558352918146
55555558332290221
55555558214959757
55555558099331826
55555557963871742
55555557909555415
55555557896598742
55555557764766660
55555557739780260
55555557624404861
55555557520054248
55555557417706438
55555557091440637
55555556904830164
55555556856552602
55555556709616379
55555556655811602
55555556391605968
55250883507070486
53372548787431158
52717608716819456
51791395714792812
36028797020029206
35614222879746542
34597967103753686
29836352386131999
27103385836001069
19116843384664784
18096186581189563
17709468501087901
14437011884048660
6969697311094089
6969697225292673
6969697193679139
6969697111683588
-9999999419613
-2170011741908201
-14918173765535146
-21673573206691444
-25014080603199573
-25051268072421985
-28065709599358881
-35317471251356617
-36052252050656824
-38761758714180206
-40555851678112341
-41658382391027654
-43761720552688613
-51146657689370993
-57420895248915670
-73274369575491870
-75072030709974677
-77886780477098660
-78531513647451310
-85847521383802078
-86049554801717514
-86131342873360710
-97390341941797918
-97590028846878434
-103110717106925387
-105832244730222640
-105858046274918398
-126100784711536555
-129396701215156482
-134059866614218892
-157363702981250406
-158170008874907309
-159596311794870519
-162153041617118607
-162892223443764709
-165077435514934673
-175921860443141071
-178546010865343078
-180906621953157401
-181832830100279849
-185599706439915207
-190758246137977008
-192166728840395641
-194499208906074426
-201035550497641102
-203987570043323503
-206318866118270090
-212713294321581076
-212818537425050263
-213076643207777386
-214574807884400215
-216477712122183938
-224359011470198091
-226024401443817290
-227713256158890583
-236075717388502910
-236718163603081742
-241425175271533274
-242349954947841003
-244411155415681385
-246314059653630074
-249949779318014675
-252483054109402770
-258675498742288104
-263941740082824706
-264023523299737482
-269672218688801515
-272186297624386197
-272558653086683143
-280139961363907378
-282319401639738751
-296393150475335368
-299689062124897113
-302585599963854316
-303000174103213340
-316187274476823556
-317703460634496657
-320037048518998479
-320690874104176944
-329888672704866588
-333681434421488472
-341691693690274249
-345742147031425655
-349615376106305322
-350178326059692457
-355500603774937233
-355703690309302479
-363102715101896930
-365096499825440119
-373154031046404000
-376531730767153007
-382615368980545682
-384022743864098599
-388569054880052306
-389842842744208274
-392094642557863992
-395281742932591698
-398768253927205824
-406731341346863372
-425226901738082604
-429608592160411504
-437130638830618677
-439516025664684327
-441741935246636343
-449797012783509330
-460797991907141153
-460907636037834196
-462181911757883376
-462807278838552479
-465559606624629000
-465650487110313509
-482820460689597101
-483315990043946303
-484160414973986784
-489684671404576280
-491173834360003178
-491588408499277963
-506573170007358036
-509185886356612523
-509211687901383801
-513126590732928172
-514454469355250491
-527054255564850690
-534157717724879535
-536972467492213045
-539892460362722887
-542683755098042605
-547492284733838544
-550002190330412687
-554596579750775866
-555655059058577458
-556112765908405294
-560135203653202310
-560334890559097044
-566618215690777265
-569423877885629143
-570010282870879502
-570682876955016644
-575860610026010651
-579275497215734458
-579580432078980755
-584623526627029554
-598052537438473142
-606578574810414880
-616711673972955482
-617537170866714030
-619831353748633794
-623839424021602249
-625437398250930603
-631548059666960117
-633881647552332742
-634081334457306021
-639511147086597986
-642630826862223270
-644882626675913004
-647673921411211481
-650903245317573637
-653584895922034774
-659586746063904851
-662791782081905101
-667295381709030146
-667576856685798884
-679480588924665927
-685028305241847703
-691888947786416902
-694250391730990271
-704813341682491409
-715024218545008339
-715251370853493763
-743293625421008969
-752300824675858320
-753227037677624236
-756414138052315696
-757367374256477057
-760287367127266256
-762888062516617218
-771722598068734114
-775100297789464694
-784280160746688377
-787004030028147387
-796855659067853293
-800085470831069592
-801922208648595946
-801922294486458357
-807270233206030965
-808878402813454293
-809264013074857989
-817603019272759182
-818529232274482517
-819573344109555252
-821343977186838404
-823955034532086499
-827536431529250151
-834878235955577512
-836897465297591277
-837388055714118480
-838713642525802888
-863846703524880842
-868831465033838776
-880263127804970286
-882424051987784877
-883077877572118398
-888867423145234638
-894445687914770769
-903816145363120102
-903907025848685335
-905004467250988258
-906440300639149966
-906984734498543559
-909082386703541393
-909727124728805380
-911225375243166995
-914230724356155442
-914321599986980949
-918452849006799974
-922030235632399409
-928222685119951415
-941557252128780206
-944372001896030229
-944829708745852198
-945675567001629951
-949505972075788468
-950268608947376093
-955889016054576204
-957012629005644235
-959118344815684762
-961890871051097615
-962104925428789172
-964184894396477615
-969962769744817480
-980295555811259219
-984799155438618095
-1011257803249596246
-1020761852572162201
-1023466470351717074
-1023722143783708001
-1037540219187124826
-1042967471581924401
-1048212813270464399
-1049620188154023785
-1058064523293233570
-1059776742347281465
-1061078874127216022
-1062486249010981503
-1063717392021275442
-1070808589107265509
-1072337873195852657
-1074871147986090921
-1077204735870660862
-1084159822217611832
-1084241610289313768
-1087710185640695517
-1087818996914957453
-1089789321751736275
-1093902635128399619
-1096263246216255339
-1103581595610621591
-1110442238155240216
-1112307319888676150
-1112389107959459382
-1112389107960376794
-1137463835919556224
-1138203017745981043
-1139262329910529231
-1141753381169199193
-1154047404512671849
-1157425104234123907
-1164834329259529559
-1169590945359001816
-1176483614578605796
-1177609514485438356
-1195342438018212615
-1196468337925096659
-1200127512622471091
-1205273558464434211
-1207527650088699261
-1208372075018832554
-1208395530050588930
-1209216495094150864
-1221519610852317684
-1232185093873164816
-1232215659967408910
-1237082522643227197
-1239252534385128745
-1248060046734058046
-1256703982941122950
-1262896432429014418
-1265253475346031123
-1273765145246477311
-1282318205821917281
-1292732779960074124
-1295266054750512622
-1296673429634081677
-1296846093336736663
-1317436478025199788
-1320117640771946156
-1325665352235502656
-1327569089329975111
-1327715118631197225
-1333909914630741697
-1352032009928901605
-1360096175038110654
-1363664474091220302
-1380634760765742624
-1392738184763313113
-1395404558717262773
-1396249471504217164
-1402050314027422044
-1404196870737639417
-1407937833506571298
-1418070932668261890
-1423055694177408142
-1425412737094495173
-1430546707274327053
-1431300256572631303
-1436847968036083656
-1439460684385435855
-1448951392034694962
-1451845583360655948
-1456986838991163590
-1457778095384482330
-1459525531944751092
-1461136604104885435
-1467915458577708452
-1471187915194667983
-1475219440512786719
-1477662947477967336
-1478158689727032771
-1479432563429131815
-1485624927167716536
-1498382176661573494
-1499550787956996949
-1509831770221147147
-1516720273679569251
-1518366900008055269
-1527764385513694669
-1528890285420586297
-1535016635022528874
-1543890247256921853
-1544190913234657893
-1544371409139559601
-1549156483743762252
-1555993671256365069
-1557401041285210980
-1558726632951924372
-1568793632227844763
-1572237431833898900
-1572905624890944872
-1573645914536297523
-1577237393672351442
-1577409224518281358
-1580615093392820997
-1581951786240121866
-1582652005972195871
-1584422643904176800
-1585185280762481234
-1595601288226552398
-1608911052715898210
-1616252771304305255
-1617073741201709416
-1617660146187894174
-1621495552758198845
-1622339977688553586
-1625045916181350429
-1630999602080913709
-1631910126896711027
-1634830119767176258
-1636495514595639078
-1637430815156659560
-1639333719394587376
-1640355809523522721
-1646265350708904144
-1646409555906861725
-1652258113291511440
-1655659268043791959
-1661246384509808450
-1664279749218304018
-1666331862127068599
-1668674537571544163
-1676879535427909910
-1685671847448379250
-1690390334310022916
-1690562165155837307
-1690738397028940252
-1697384985195997084
-1710486241146692323
-1714464078289808628
-1723891002982886456
-1730078306026190030
-1735011756444344949
-1739648943091249341
-1740078301170461127
-1743456091583592371
-1751900255047121892
-1752181730023758597
-1753307629930580895
-1757834684589789759
-1759633666437701587
-1761470404255212260
-1764285154022337196
-1771975854024409095
-1773593019253832703
-1777151214879363893
-1788771185185619409
-1791224963714915062
-1796506888386777315
-1798544420928116231
-1804536075691984664
-1804643772479645692
-1815795160598242235
-1821875170082003396
-1823957849085032782
-1827818144012810401
-1831194410407817992
-1837039285033115252
-1840201609662386195
-1861312232915830667
-1861684583536478585
-1876875144705640658
-1895171018192718436
-1901752639444816650
-1904764622432633393
-1905313204926636438
-1907407541353936632
-1909549697036838513
-1911305967496198847
-1913185411847522993
-1915073953467565183
-1915355428444181099
-1940622076462635922
-1958221408121183332
-1965539762459378766
-1977948116377412509
-1979985861813565487
-1982561360135646084
-1992303340189666509
-1993042522016439830
-1994555140003398340
-1994813159948337164
-2001768246294268914
-2003820359203054404
-2018253360715390084
-2038892377125906361
-2045502110787986491
-2048462526334082608
-2054122591962529181
-2062109134413881072
-2066026329056162435
-2073907714241915337
-2076449990766732782
-2083219757667238232
-2085647789354031051
-2089588439028019543
-2089951702076495592
-2091558763864949751
-2091919735102993918
-2098137931432995436
-2102256246305714402
-2107426605664383445
-2109959880454844098
-2114158635911525463
-2119850466734174240
-2122907729383519112
-2130484098722884438
-2131809685534836055
-2134448203428518559
-2135750335208730465
-2136395073232850544
-2145040442765699703
-2153283571836514926
-2156661271556912616
-2165949945788361382
-2173831240281572178
-2175543550028415040
-2176936557452445307
-2181067806459062505
-2183492269975339030
-2196312050949272873
-2201896954735568201
-2202914043368397677
-2205837604409599271
-2207889717317369079
-2209015612370369536
-2213437428780652950
-2231838545370432958
-2232940990245584008
-2247215533804915334
-2247319669089669478
-2258273733294728369
-2262132599751607700
-2264747662612916379
-2266459967505957344
-2270295374076192951
-2272347486984079940
-2275725186704593339
-2280791731431582392
-2283212656910754430
-2286620922725486424
-2295709995890005333
-2302666429723667474
-2309311584564958623
-2313442833583833066
-2323317912801560321
-2323575927891609316
-2330612807163209560
-2332501343929310167
-2332602323001196010
-2332864606976931427
-2340664118254113315
-2347592181397613388
-2352004991232055090
-2356317905675647080
-2374264883586159513
-2375930273559795821
-2378101397975353570
-2379870928088483329
-2388796339271483195
-2392255827063844565
-2401263026318589950
-2416943836942658685
-2417397975621948953
-2419277419973245229
-2436335044241348096
-2439567078182969301
-2443402484753419129
-2443507727857015156
-2448832297382685095
-2450521147241929408
-2455048201902071760
-2467409645845558113
-2471350290664713203
-2472538612552626980
-2477542740152365655
-2477824305821809936
-2483172244540398136
-2486268469285082845
-2488035096845461517
-2490342218121720892
-2492833269380316767
-2504282867793708720
-2505150747756529789
-2514695095420077565
-2516023028744819248
-2516519878812632024
-2526610266585581543
-2536394470171383599
-2543933647186872863
-2546566531427531312
-2547592821884125209
-2549318864067361391
-2554948363602509626
-2556637208608030243
-2556918688439511457
-2565562624645892381
-2575910611041697663
-2576058986855908620
-2577747836716177150
-2578310781814791877
-2579999636528871306
-2580844061459005263
-2581407006558598746
-2586845911601662721
-2587408861555138163
-2592193936159244973
-2605918789419051723
-2611524833920423927
-2613291461481708161
-2619215533923446632
-2624109419801772516
-2634605777156879212
-2639029026892862038
-2639695786624252010
-2639962894141482013
-2641947586437965512
-2644480861228360419
-2648702985879052984
-2652362160576129455
-2652620180520219389
-2655716405264907880
-2658946217028211191
-2677399066043989294
-2687912249397652698
-2690019160099715650
-2691487182339104099
-2691878301446498601
-2692868755677974679
-2695213777635326978
-2705737163047723647
-2705818946264706962
-2712425974746449257
-2716930062230585978
-2722625661650215383
-2727797454334755717
-2730049254148299696
-2735899581303619609
-2736523178612686424
-2739447572510587907
-2743818072974438943
-2751136422368931866
-2756507901959176997
-2765691333087023652
-2767943132900820300
-2769846869995343951
-2780219220601895824
-2782098669807117714
-2783142781643092220
-2784202093807639809
-2797861268502932387
-2802908890048250712
-2804253404896531930
-2809882904430555964
-2810727329360782364
-2814468292129700989
-2821528621579228985
-2823956653266232831
-2831356790731473210
-2831943195717628689
-2833460214732003816
-2850416408895832693
-2851822675960571387
-2854852312961975277
-2862518725075507990
-2863726498892027212
-2894970135468071525
-2899673422001227446
-2908197112861613290
-2908543351477422812
-2912722250001865402
-2919095195394295095
-2921909945161375853
-2926695019765492055
-2928770587706135330
-2928838008305171669
-2933450419206789457
-2934576319113612269
-2940569081696083518
-2942630282163932006
-2943970236448431001
-2945354151445443902
-2947457580299784104
-2957762510307192706
-2964838346819556608
-2965538566551512040
-2970123954250700032
-2973138390922914844
-2974346078901411839
-2980456740317380762
-2982145590177548215
-2983071803179426496
-2987012452852441674
-2987775089711837987
-2992212589453665949
-2996954952669079854
-2999811925967936303
-3000332652389657043
-3004768831418052984
-3007020631231570169
-3012999026341606950
-3016309305463196783
-3020426187010084556
-3037677948660414688
-3039648273497341384
-3040302099082603333
-3040583574059328909
-3041188747544400333
-3045864178017794402
-3063010691710494941
-3070329041105022810
-3072017895819072058
-3076893846054920389
-3095580005791864036
-3104306837888838106
-3106730193586405863
-3111729322568022731
-3113594404301605203
-3116490942139317007
-3121972553717244490
-3141460426995715072
-3155357943958065375
-3158172693725365170
-3171660037575661748
-3180127741908741228
-3183291387251522800
-3189311173036746800
-3194660305412976211
-3204048850897389369
-3205527910411832635
-3205918196662616259
-3212846259806179661
-3218666353831543065
-3220554895451584573
-3220660138555005140
-3221197286963771300
-3223308203920560729
-3223732903412279336
-3227415537996048909
-3231895682590724524
-3233584532451992112
-3240712282500526866
-3245148461528928052
-3255258191496577088
-3255281560690427695
-3260242867167605991
-3271888584316421020
-3284540590808875441
-3298286584771410754
-3299731151978991165
-3308247760817156657
-3311295081055930610
-3312116050953274529
-3314649325743654820
-3319457855380379616
-3325345374859657715
-3332687179285844434
-3335783404029677235
-3341117061127693703
-3351722234598588187
-3355181722389996382
-3361788746017864152
-3373286996531290220
-3379479446018889258
-3380514470293941626
-3380819400303348302
-3382617894294460935
-3394893149138933060
-3394893149138975081
-3395566231080015233
-3395913805942331450
-3396004681586304587
-3399373288879765237
-3410069342848553189
-3410913767779631643
-3412037321173625149
-3414596397508690951
-3415980317359515830
-3416957841453145205
-3418713279055662734
-3419944422066178112
-3431179966102764744
-3435601777658359993
-3435988495738764863
-3436832920668833612
-3448483038844757836
-3450906669504287719
-3451365484173100369
-3453616176167787264
-3458964200725454553
-3459418339404751902
-3461297788610871855
-3461884193596040282
-3462142213540083401
-3471439975344757780
-3479884224646087677
-3480438087026231744
-3481134136143162005
-3483815781892947200
-3489082023233328723
-3490571272026680625
-3492459722954103844
-3493104460978236117
-3496573036330557405
-3497526272534829813
-3503781582057790394
-3507764614799824185
-3512831164380675933
-3513370659301342873
-3515403401265616267
-3516771814054597339
-3519000158835587861
-3522377858557011400
-3525955245182545387
-3528648085744751348
-3536057778249896317
-3539747519041365265
-3539829307112188791
-3540873418948092809
-3547801482091871066
-3547992081437671743
-3552854933741897989
-3554599105064636951
-3556527206369964205
-3572332516454276956
-3578310698669586815
-3581297004320474581
-3584221998687275907
-3584783515315074760
-3592183652781377069
-3598748452876572599
-3602689102550522122
-3608427413358723729
-3609940031345772032
-3624440920937035878
-3626333000594158996
-3627004761821796787
-3632997524404413708
-3633560474357751362
-3639752918990687262
-3641441773705742857
-3643693573518453298
-3645863585261331461
-3646599198917307376
-3647552435121451776
-3651677555736291368
-3654117235229938148
-3659456172215198744
-3662833871934754560
-3666694166863463055
-3667146872217249211
-3672708951152251608
-3676063195841147251
-3680294408064063323
-3682455332233842856
-3690227820307433536
-3691119615213661874
-3698499405906272581
-3700293498870089980
-3702521843651896162
-3703389723613886275
-3704973330370393628
-3707679268863498074
-3708242218817080615
-3708714293139541208
-3711338443560727855
-3715884266719914075
-3716593245974511151
-3731232291275393401
-3732277836437048073
-3737706215739744718
-3739876227482523671
-3745587600926571257
-3747018345003963652
-3747862769933999283
-3750958994677915056
-3754231451295054341
-3756846514157060933
-3767551650844360276
-3767742250177000045
-3773371749711128602
-3774860912665570336
-3776627540226817009
-3783504848872956621
-3794200897987887770
-3796734172778350788
-3801343015509181387
-3823970657776812927
-3826089358427833308
-3827414945239791972
-3837266569424545870
-3837348357495381260
-3842438362108906971
-3844948177012752164
-3845229651989471598
-3845430451568005807
-3857049259353234186
-3858874042745730690
-3862036367375212978
-3865777330143162811
-3873013891466939719
-3874512141994413261
-3884164079261182019
-3888991377396893023
-3899577782381095595
-3902331884792526104
-3905666422090875210
-3915236571299061073
-3918718080797394162
-3920583162530888869
-3921037301210272886
-3924347580331701173
-3941130835830911608
-3947041810341575612
-3956435727676741496
-3958687527490414157
-3961006747903135120
-3963167672085970700
-3967872391943934922
-3971635376418984611
-3990775674835336555
-4000908773996931316
-4002292693848670116
-4004849423671002718
-4008485143336395480
-4015036845500789712
-4028493321714594132
-4044432152283703629
-4048091326980774583
-4050061651817874225
-4050143439889598832
-4051751935003637208
-4055514919478745010
-4059429822310447566
-4063745114402464507
-4067794575350430607
-4072379963048778893
-4085246023906788619
-4091262241521172356
-4100527546558754897
-4114519421484583620
-4114598917745739718
-4119867446042069850
-4122501699904252850
-4137424137701714042
-4147252306854677031
-4147533781830488824
-4147815256808100604
-4147838711839901572
-4147948355970703423
-4157303617944477159
-4160481625905404650
-4163496067432068507
-4164982883874715726
-4173910641570616452
-4178223641865206206
-4186455106317505688
-4192769465009963294
-4209939438589351115
-4213317138309916870
-4217820737937267627
-4223250550566670489
-4224376445618712184
-4224748801080999569
-4235726325172733606
-4235916924518605762
-4241355824706921909
-4242242961025675719
-4245968235608442821
-4246050109518101152
-4252723635049581666
-4253568059979496814
-4262657047305148384
-4269049183698790788
-4269435901778865928
-4269435901778882731
-4277575221071771563
-4279569000940520451
-4282923245629219049
-4283312417393681226
-4299835199263698068
-4324218279134079769
-4324469188016424689
-4324886472190973210
-4331414719323546950
-4334175146422355825
-4334714641343062929
-4343158885790577429
-4344081093275480947
-4347753365903619956
-4350496431039882589
-4370189575981866402
-4384626587852676523
-4384817187198541104
-4402292090786395904
-4403957480760100683
-4421690404292869087
-4423965663992999649
-4426203096347280466
-4427036141894628910
-4431086780166793135
-4443626529294666180
-4444017807938648638
-4444513337293049993
-4444513337293057341
-4447023152196794639
-4453497081515930478
-4454474605608661033
-4467570830351523560
-4470476455749421886
-4471926542021554677
-4474068209847637200
-4483533115952261536
-4484874390950200173
-4487837028673698246
-4497688652858539482
-4499295714648123327
-4507955339040510060
-4508021438925952775
-4511680613623244862
-4516465688227451904
-4528932375274322134
-4532310074994859345
-4532310074994956885
-4535043036690270503
-4541235486177810528
-4548072673689732502
-4548272360595548703
-4564679697316580059
-4569290993731685908
-4570881234376566975
-4571917366458211322
-4572699242271419313
-4584101470708692802
-4590493607102314406
-4591056557055828914
-4595921073218585259
-4600908181240431919
-4603523244102698707
-4606079973924889526
-4608331773738596051
-4621737329517084631
-4622382067542284151
-4628492728958124604
-4638989091167257330
-4643410902723794639
-4652669010861051915
-4657766126536083758
-4663849764749595045
-4668180700674454655
-4674654625138803085
-4691824598718255429
-4692950498624875415
-4695765248392057187
-4698943256352852786
-4700069161114428767
-4702239172856544258
-4708604286046676209
-4713577613483744443
-4722610614283016979
-4734690669087738756
-4747275169129975262
-4748292257762834321
-4748506312140552699
-4752623193687543800
-4765652830688009905
-4770719380268846797
-4783383407707969760
-4788452298946822231
-4792765304083133100
-4799348039821666081
-4802807613451773885
-4804777852449848404
-4810216752639153898
-4812119656877092145
-4814763063655135423
-4819438006271634219
-4819614238144727069
-4833125037026896663
-4837710419871204869
-4843056102770613559
-4846741079012560527
-4858844503011103467
-4861487909789083720
-4863324733444579719
-4864732022489274570
-4875144250115576347
-4876190708463688820
-4877398396442202478
-4880799551194461964
-4881148446770232999
-4883400246583892257
-4889138557392375129
-4903575569276327452
-4904589115017093098
-4906390319043369981
-4913236594115312806
-4924404712698068946
-4924428172584671254
-4941370993855538437
-4945366964992062052
-4949937152361871478
-4964010901197367623
-4964664726794779855
-4966649419091191119
-4970141909386866790
-4971129649524771394
-4992894012524368231
-4994864337361342134
-4996178490101132677
-4997660571034508463
-5017596389875875613
-5020239796653927244
-5031107188758043403
-5036522633914482944
-5048626057913160425
-5052217812011291397
-5056439936661903493
-5058305018395515593
-5065904842766545074
-5073786142114376353
-5085326616159699943
-5087469604699239556
-5087751079675852054
-5087941679021686685
-5094415603486154936
-5095741190297996292
-5098600535812867279
-5099224133121898188
-5101867052043210770
-5105979532563054163
-5106823957493059747
-5110659364063704754
-5111266909764816776
-5117133288528051839
-5120726363339649652
-5123013696944574061
-5123126051110573984
-5129487621408913535
-5148377010942840042
-5149584784759316785
-5157184523292526316
-5157184609130533755
-5166191722547355562
-5166672884429074845
-5167341077485915803
-5169029927346107020
-5170695322174608383
-5170718777206494048
-5179339258380901826
-5182822201205107922
-5187583820776331176
-5199405769799169906
-5202138731494668346
-5206814994824435055
-5207420656166459644
-5212553305632838036
-5217138693331978877
-5217162148363816745
-5217945925938193785
-5218636943846343972
-5220368505095160128
-5233382453909497997
-5244723241048630373
-5252119368144107927
-5260790769753773985
-5261744838814808479
-5269220651595702804
-5270255675858522360
-5272788950648933221
-5272870733865889749
-5276539000990160394
-5278805168263292995
-5283848262811369722
-5284017383623058038
-5288351948277681295
-5296151373716015567
-5303923861789719417
-5314948755857444213
-5316137530387932108
-5317930190026235053
-5320359655038571681
-5322047071573266781
-5330382509600461398
-5337328508387345804
-5341559720610329400
-5357231443662202475
-5359565031547578904
-5366238642916939412
-5368071697975131541
-5379549754893996530
-5382845666542851205
-5393151429406982889
-5394209908714679562
-5394601515679061270
-5410793477308897958
-5423483306292530101
-5440627478327309011
-5446392423537026614
-5453014723815529617
-5471448842908556125
-5484177765977444982
-5488762045857732176
-5494872707273747334
-5500956345487141747
-5503316956575075283
-5508383506155580378
-5510636413788243087
-5515874519252813271
-5520592173257782308
-5520850188348000898
-5523944071433734703
-5528809270250677130
-5539908703547235255
-5540968015711811738
-5541079199201940975
-5542805241385207925
-5552575077499159665
-5582516668134208174
-5587087688360598471
-5590374512450220727
-5600798174160840714
-5602053232102283180
-5605597616224433623
-5607542139516806557
-5618031419704791465
-5618440222049562842
-5619566121956455810
-5625918137215849287
-5628089812816708368
-5641002815934251438
-5645071533563057374
-5645285587940587743
-5652580477448578889
-5653706377355436620
-5653797257840981222
-5656720818882356587
-5672374606303893552
-5686076004531921397
-5691060766040951904
-5691501806789406188
-5696209103693468650
-5699505015342388989
-5712534652342725094
-5714223588040879019
-5728778412920277781
-5731874637663969692
-5735706476063831713
-5736469112935380678
-5738453805231836857
-5746053629602981249
-5747637236359845989
-5753934928950991388
-5757770335521455319
-5763786553135820818
-5767140797823625672
-5778036533844568449
-5778986201878126919
-5784683122011519806
-5788532896054534681
-5791762219961034340
-5796437650434344424
-5799428632074640186
-5811813531049825502
-5812376481003079146
-5827467318471504712
-5828420554675667017
-5828502342836427606
-5835257742187577648
-5836583329000207322
-5837800104551236120
-5840603420233142353
-5840605852583931743
-5841755121684681008
-5842318071638122545
-5844183153371640281
-5848487061239177398
-5849985316608386630
-5870160639299700221
-5871530821860245089
-5875227184026704397
-5878323408770508881
-5882182275227366999
-5884539318144690316
-5898308136971666844
-5911560915908874868
-5916413411112023564
-5919981710177476435
-5923492996918364278
-5924935905593225116
-5927018579741469398
-5929966433525859836
-5932366609152782398
-5939212884225601735
-5945877408034829760
-5952069857523448480
-5954694007944694766
-5958285762042978553
-5958353182641994049
-5960042032502147593
-5960886457432330774
-5963247068520194772
-5968876568054218802
-5972187680032479548
-5972617530823304873
-5980226442766846582
-5983294651901925116
-5983899984923596625
-5993446679098981398
-5997410783805683091
-6008646413680222183
-6015410814855651912
-6019342376956354775
-6022438601701097780
-6027749433934647245
-6037356775466837180
-6039608570425743413
-6057541185718312624
-6064659848207764657
-6076481797229578947
-6079214758924957132
-6082483647371322316
-6088327201283126880
-6091784128840968723
-6103918456989893815
-6104652749932442825
-6105001645508278733
-6120954843548887501
-6122362218433456447
-6123339742526096354
-6131287629616265454
-6133259387778947475
-6135028592385414193
-6136154492291278528
-6142088921834843061
-6148520463231113194
-6150228241126842470
-6155214435962375070
-6158109535620867316
-6161731522848916079
-6165990834968834868
-6165990839822631536
-6176684542425773486
-6177168050820257688
-6180073676231364686
-6181390175470819730
-6184377588940636383
-6195287692433240578
-6201093423840765949
-6209753048233122005
-6210382098072097695
-6215902786332240596
-6217591636192477260
-6225124039964573846
-6236922533954687618
-6243768809026543257
-6250714807813467547
-6252966693465128139
-6254397437542572169
-6254655457486420384
-6258030810695088796
-6259421604055066200
-6261129377097016102
-6262627632466150947
-6265351506601449450
-6279031426295234933
-6285922634934150161
-6302142940479832475
-6310129482931174891
-6311604278413761044
-6314529272780611420
-6321362680455018249
-6329379425478300350
-6332967918139281766
-6337218501294551060
-6341068275337538702
-6352808436287568205
-6354669949850596439
-6365556598311395344
-6371491027854018476
-6381319197007268753
-6392777882980754514
-6394548520912613783
-6399705946124205163
-6400628616234227613
-6402281932303251442
-6411918181396774352
-6412343861571686415
-6412481131350481969
-6422332755535267707
-6423612803050684881
-6425883118958306710
-6428146726010186088
-6429193398079856885
-6433243691884581097
-6445347115883109289
-6447275217188334416
-6456954177670491183
-6474768889275163754
-6485035087599291033
-6488760850039084685
-6496747392490355483
-6496857524477997696
-6497377763042791607
-6501227537085925665
-6508182623432012872
-6511079156416065937
-6518034247616877221
-6522643090347798658
-6523382272174374550
-6530524389695568713
-6536128087685152823
-6537174546033038632
-6537738603805418542
-6540634033824517403
-6548324733827455942
-6548715020078379913
-6555751894496187033
-6563004144004971473
-6565145811831011636
-6578552475428468325
-6596084604236451849
-6598254615979233178
-6601350840723280112
-6606135915327409876
-6614471353354591404
-6620772614116305622
-6622787534700986988
-6624522664457487452
-6635127837928591303
-6638787012625726462
-6641535174650428180
-6642942549534004375
-6646466278555751512
-6649135486878481782
-6650608961647578361
-6653596375117252612
-6660847303912726732
-6661410253866188117
-6667670123952843170
-6669547226646152780
-6672845484807634456
-6675098717947042251
-6682588297718497955
-6685875116953380508
-6686719546737339598
-6694410246740348839
-6700511820597124380
-6701274457455459789
-6701745417291616276
-6706274419293879034
-6706704265229995105
-6707907947691586664
-6711126081640355867
-6719742994644236420
-6724446281189789201
-6725091019201845039
-6732318492965400835
-6733143989859118174
-6740400912543838355
-6748644041613686863
-6758976827681246489
-6770889652347058475
-6774054567218570625
-6783356339380869442
-6796213307823945775
-6797055445798355683
-6797257424513677076
-6803449874001520774
-6806264623768467312
-6813406741289907264
-6814079335374068510
-6817150157743009961
-6817886971723382410
-6828219671951961972
-6828301545861599983
-6829345571858763581
-6832877419187975951
-6837441758441087996
-6841070516844726586
-6845952595484728311
-6856368277441889863
-6860558728179439203
-6861538962307449633
-6864293064718722329
-6866954407463912112
-6871672061468990694
-6874835706811897216
-6883489746459082597
-6887411205132924168
-6896899566269423982
-6898951679178049355
-6905625290547559238
-6908812390935299805
-6913611832998814536
-6916121652757485081
-6921188202337334384
-6922595577220810902
-6924284427081995846
-6926252405406184878
-6927967056811092538
-6928143288684206848
-6936669326057272916
-6945313262263734911
-6946157687193650571
-6946520945387429276
-6950032236982165011
-6950942761797864828
-6957498469479165175
-6957698161238758780
-6958024231963370221
-6959387011099293299
-6961920285889401315
-6965379773680833469
-6967159499172963175
-6971490435097654726
-6974949922889993411
-6976920247727008940
-6983684734740330404
-6989302854891698338
-6998875291055627011
-7005091200429807297
-7007319545211674554
-7010157750010580066
-7021956244000641431
-7021979699032350130
-7024904092930370300
-7030881655183649467
-7036616397821427288
-7038281787795089961
-7042140654252125204
-7050101395158797240
-7050385216648478222
-7052634669949355776
-7053199961560804688
-7059955365855633306
-7062207165669359827
-7065045370469134033
-7075356134829514618
-7076071799065991857
-7076199126434001610
-7077540401432095654
-7077969759511339248
-7078169451271136956
-7080140883926868924
-7086155993722401636
-7088585458734945885
-7092043513201615902
-7093732363060938994
-7094858262967728358
-7104209354326472738
-7110902422479200163
-7115685119434805873
-7117012998057161557
-7120263370409564652
-7126179763083598520
-7130305181997870573
-7131368221869380466
-7143553433938671134
-7144812920865905504
-7154249483054603965
-7156243262923402277
-7173589468375943591
-7173694711479425119
-7182115500894297199
-7188385732936653347
-7194418616652596087
-7197057134546456561
-7208290332070195588
-7215463140020345217
-7219924028259098725
-7220396102580702403
-7232136263531643772
-7238973451044520116
-7240122805983179296
-7245084112460450099
-7247551287365305659
-7253328670002054851
-7254736049739419408
-7269654309343998634
-7270308049090282936
-7275565198016008369
-7282344052489804081
-7288322447599770903
-7293388997180600321
-7296875508175297385
-7297934820339658023
-7304275645641518458
-7305882707429929329
-7306445657383487850
-7310468180966989352
-7310491550160811110
-7312743349974571254
-7313655195503755900
-7320453306333375933
-7324741530869642728
-7326711855706564164
-7329045443591927438
-7329809513776036271
-7331013421916185892
-7333405813849547780
-7334937490066488450
-7335719054961258979
-7338916258776921994
-7352858462446375325
-7357755891216517742
-7360289166005919478
-7369038345316679023
-7372392590005384061
-7374362914841481325
-7379148075284371955
-7396904368011085713
-7401384512605638254
-7405041340791057454
-7412104016753516284
-7416302686372290967
-7421851831160426804
-7429813480399631113
-7433754130073606230
-7433953821833191552
-7435724459764364544
-7439474510093447996
-7441316766975621089
-7447264933810424954
-7448590520622363049
-7452354938423023946
-7459220469851710406
-7470827043782341303
-7470906485341323000
-7473160631666874088
-7486026692524823049
-7488323088086263363
-7492782091965937593
-7493345041919257674
-7493426829990950753
-7517070728033745338
-7518006028595680167
-7520753357763724966
-7526640872388142956
-7539597813743835722
-7542229697749626068
-7542966421037344543
-7551692236007985393
-7556958386655813796
-7559491661446222531
-7559773136422941082
-7570469185538033434
-7570832448586446698
-7576283156012965735
-7577048353105952543
-7580121122817921893
-7583355593168587320
-7584061767637096958
-7602920595931442078
-7611846007114476091
-7614875644115871119
-7634578892485626002
-7640075292857316244
-7642808254552698243
-7644295070995121681
-7645986267367234063
-7648238067181855916
-7649000704040155727
-7650972462202871660
-7651615766902374760
-7664763302736125246
-7665126560929740336
-7667941315551551407
-7674133765039212397
-7686609539645428007
-7688768172017702071
-7688970150733058571
-7693274058600847839
-7695322165992579708
-7703407162617224336
-7707652742299573850
-7712614048776834109
-7719933505990187836
-7725843372682329687
-7727440232425267641
-7731836135264009983
-7737770564807742133
-7752834404352214823
-7759058527752957379
-7759429770554854788
-7770379279037874225
-7789066431168018394
-7792767829397042409
-7797982749937203985
-7799734021778495648
-7812079958659223687
-7819116833076937873
-7822471077764827642
-7822752638580385513
-7828968457261819017
-7830633937928239457
-7831475930507607814
-7837025988483004015
-7842374013040344769
-7852870375250465861
-7857010711829509544
-7857200196688892317
-7869958560758040500
-7869958560758174933
-7873336260478700426
-7879610498038016364
-7887210322408274896
-7895854258615546886
-7896780471617362837
-7902328183079866056
-7902763805665178604
-7912787352966006969
-7913387495243305867
-7916011645664582152
-7942965822829704560
-7944091722736650863
-7952150361776475421
-7954119578794503366
-7957883996595278374
-7962455016821762265
-7965202345989847524
-7967630377676572217
-7976435543513638143
-7982439740168218654
-7984238509121499632
-7987052151069719462
-7991837225673981655
-7994934558236501342
-7995214925394352037
-8001512617985450130
-8005066549579214971
-8015482557043118057
-8020310794069448983
-8021325510486044568
-8022562593883127412
-8026366657691970279
-8031911915470375357
-8039125021761212840
-8043280558669502665
-8046443371155822196
-8048023409741811517
-8052178113793403732
-8060317433085315316
-8060903838071518883
-8070473987279633749
-8071075899327569380
-8072420857084770393
-8073464968920014551
-8083421836208248783
-8086975767801929495
-8093732600568661298
-8096343883592351679
-8097753604988828795
-8102817862759023347
-8104427216358108973
-8117175378381835153
-8124411939704634939
-8124584603407202838
-8127589952520138409
-8133137663982700590
-8145885826005368340
-8150952375587030956
-8152169151124793704
-8161739300332997463
-8167411023398934306
-8175159223584250310
-8180507248141712249
-8190077397349818708
-8191122942510612865
-8193654783975402914
-8197768097351894015
-8208572957740890038
-8208663833385068818
-8210824757554623462
-8212967746094304097
-8220476694834608513
-8220957856716285782
-8225461456343597509
-8242431743018082454
-8244320279783322232
-8246434809818298825
-8248905667482420939
-8255658775112906782
-8270579240688204398
-8272549560671384710
-8273203391110389963
-8274261870418101254
-8275282527221472592
-8281857430757618904
-8289074801080183427
-8289461519160514651
-8294876964317042779
-8303511812964263300
-8319755573541705156
-8320037048518576928
-8321940785613098729
-8323067173376759445
-8327437185983748390
-8339177346934914755
-8342916017893244911
-8350890484682473535
-8353142284496244874
-8353356338873802275
-8356429108585871623
-8356734038594384420
-8357836483469387028
-8358880595304626293
-8367967236118199607
-8367969577776264992
-8370807787429880453
-8378689086777733349
-8385339243115383476
-8386465143022323904
-8391857763327533948
-8399867130630124301
-8408783540092057775
-8410716586767088110
-8412360840879668678
-8418271815390363461
-8423983188834420891
-8424569507981550126
-8431501139295833912
-8431887857376207890
-8431997501506880374
-8439769156724080506
-8441915713434140353
-8449057830955407370
-8449797012782167021
-8457398270478881125
-8458241262083357204
-8463976004721119503
-8469019099270201084
-8489590227601779637
-8502714308403737667
-8502714308403791879
-8507581171078557139
-8512389700715386602
-8517913957146188125
-8521854606819875882
-8522522799876951830
-8524952264889396439
-8525376511738575415
-8525795256493946553
-8534710465631455320
-8535470648805589015
-8540795218330426149
-8544372604956982144
-8551491267445386706
-8570092070941035462
-8573364527557910459
-8582825865492124542
-8587610940096139162
-8599928418472374534
-8600209893448995796
-8604432018099844111
-8607795350360783203
-8609956274530573719
-8612075562615473697
-8612075562762312649
-8612075562814688980
-8612075562818218676
-8612075562960539623
-8612075563304518744
-8612075563339322511
-8612075563349869282
-8612075563405631959
-8612075563421960589
-8612075563536673090
-8612075563555218885
-8612075563675970563
-8612075563728805874
-8612075563872279488
-8612075564012689026
-8612075564308744599
-8616793462043282546
-8627341623200996660
-8633119010692471510
-8634726072480837514
-8645245889722698520
-8658170283619750254
-8662029145221948773
-8662111019131547643
-8673086110872475937
-8674519287300796802
-8676384369034247672
-8677510268940887437
-8683221551692228736
-8684933861438988617
-8685754826482617142
-8690067831618910561
-8691102851040124536
-8697213517310819710
-8712131691076385393
-8714488733993713958
-8717561503705679698
-8718968873734456729
-8725442798198820665
-8726768389865334551
-8730360976820255212
-8738953597080933680
-8765048986697970397
-8772367336092452295
-8779373644415995184
-8780530110416943620
-8781093060370484631
-8782220393602940968
-8782605678357572142
-8785315185021112854
-8787848459811652132
-8790807414776730066
-8792633534415712086
-8795811542376452913
-8795945134250635668
-8804628147140129591
-8812700045832909461
-8813432116597979951
-8821449225143759294
-8831850343634832215
-8831850343717219451
-8831850343731403078
-8831850343928921949
-8833810669086202322
-8835417730875802662
-8835980680829071602
-8840308048583347835
-8840566068528182821
-8847626397977811383
-8849772954687836577
-8851676691782550788
-8854276554315160532
-8856352122255714992
-8858217203989367100
-8861392870291966287
-8865054391501103418
-8870320627987729685
-8876451636177369384
-8879407268801513747
-8879753507417293804
-8882705526963166037
-8885177360455381741
-8886444143219141420
-8890973544391158708
-8898186650682234822
-8905023838194881766
-8906240613732669486
-8909164174773769618
-8910290074680662888
-8910290074680723174
-8910676792760973794
-8911978924540821940
-8911978924540848407
-8916001362286639289
-8919376715494299402
-8920232574509628079
-8920314362568141096
-8922674973655847813
-8923343166712941269
-8925032016573272521
-8933371022771005918
-8935420789166933969
-8938437572351877466
-8942176243310228537
-8945910069354875464
-8948570671513360145
-8963570633350840171
-8966948333070353368
-8968836869836586984
-8982710931767124231
-8990029281160596746
-8990592231115026059
-8994251400957488468
-8994732567693878590
-9000723038466008019
-9001004458740359860
-9005815334889162701
-9006378284842530186
-9009021691620609023
-9009932216436258644
-9028591352970902380
-9038361189084151695
-9039488522316493296
-9043147697013797997
-9043509526736521864
-9043791001712378625
-9052326126645488576
-9054405262756461046
-9057111201249528834
-9060960975292633493
-9062849512057886750
-9063975411964810034
-9068693898826460514
-9082353073522727685
-9092845425361006902
-9094625618331911898
-9096626509263302298
-9097752409170066034
-9108811721333522868
-9113729895100159770
-9121677782190520157
-9131329719470266384
-9145321680234006865
-9145966418258355544
-9155560022499312795
-9165388186797563517
-9174876552788744123
-9176565402648877869
-9177409827579259175
-9189122965326909994
-9191483576414563007
-9191483576414788308
-9192128309585030675
-9193345089977547201
-9195233626755914881
-9198520450832422284
-9206199716762576016
-9212594199667810402
-9218223699202189229
-9218506281997707004